2 1 1
4 2 2
5 1 4
9 4 5
13 4 9
22 9 13
27 5 22
49 22 27
50 1 49
59 9 50
63 4 59
71 22 49
126 63 63
252 126 126
504 252 252
1008 504 504
2016 1008 1008
4032 2016 2016
4095 4032 63
8190 4095 4095
16380 8190 8190
32760 16380 16380
65520 32760 32760
131040 65520 65520
262080 131040 131040
524160 262080 262080
1048320 524160 524160
2096640 1048320 1048320
4193280 2096640 2096640
8386560 4193280 4193280
16773120 8386560 8386560
16777215 16773120 4095
33554430 16777215 16777215
67108860 33554430 33554430
134217720 67108860 67108860
268435440 134217720 134217720
536870880 268435440 268435440
1073741760 536870880 536870880
2147483520 1073741760 1073741760
4294967040 2147483520 2147483520
8589934080 4294967040 4294967040
17179868160 8589934080 8589934080
34359736320 17179868160 17179868160
68719472640 34359736320 34359736320
137438945280 68719472640 68719472640
274877890560 137438945280 137438945280
549755781120 274877890560 274877890560
1099511562240 549755781120 549755781120
2199023124480 1099511562240 1099511562240
4398046248960 2199023124480 2199023124480
8796092497920 4398046248960 4398046248960
17592184995840 8796092497920 8796092497920
35184369991680 17592184995840 17592184995840
70368739983360 35184369991680 35184369991680
140737479966720 70368739983360 70368739983360
281474959933440 140737479966720 140737479966720
281474976710655 281474959933440 16777215
562949953421310 281474976710655 281474976710655
1125899906842620 562949953421310 562949953421310
2251799813685240 1125899906842620 1125899906842620
4503599627370480 2251799813685240 2251799813685240
9007199254740960 4503599627370480 4503599627370480
18014398509481920 9007199254740960 9007199254740960
36028797018963840 18014398509481920 18014398509481920
72057594037927680 36028797018963840 36028797018963840
144115188075855360 72057594037927680 72057594037927680
288230376151710720 144115188075855360 144115188075855360
576460752303421440 288230376151710720 288230376151710720
1152921504606842880 576460752303421440 576460752303421440
2305843009213685760 1152921504606842880 1152921504606842880
4611686018427371520 2305843009213685760 2305843009213685760
9223372036854743040 4611686018427371520 4611686018427371520
18446744073709486080 9223372036854743040 9223372036854743040
36893488147418972160 18446744073709486080 18446744073709486080
73786976294837944320 36893488147418972160 36893488147418972160
147573952589675888640 73786976294837944320 73786976294837944320
295147905179351777280 147573952589675888640 147573952589675888640
590295810358703554560 295147905179351777280 295147905179351777280
1180591620717407109120 590295810358703554560 590295810358703554560
2361183241434814218240 1180591620717407109120 1180591620717407109120
4722366482869628436480 2361183241434814218240 2361183241434814218240
9444732965739256872960 4722366482869628436480 4722366482869628436480
18889465931478513745920 9444732965739256872960 9444732965739256872960
37778931862957027491840 18889465931478513745920 18889465931478513745920
75557863725914054983680 37778931862957027491840 37778931862957027491840
151115727451828109967360 75557863725914054983680 75557863725914054983680
302231454903656219934720 151115727451828109967360 151115727451828109967360
604462909807312439869440 302231454903656219934720 302231454903656219934720
1208925819614624879738880 604462909807312439869440 604462909807312439869440
2417851639229249759477760 1208925819614624879738880 1208925819614624879738880
4835703278458499518955520 2417851639229249759477760 2417851639229249759477760
9671406556916999037911040 4835703278458499518955520 4835703278458499518955520
19342813113833998075822080 9671406556916999037911040 9671406556916999037911040
38685626227667996151644160 19342813113833998075822080 19342813113833998075822080
77371252455335992303288320 38685626227667996151644160 38685626227667996151644160
154742504910671984606576640 77371252455335992303288320 77371252455335992303288320
309485009821343969213153280 154742504910671984606576640 154742504910671984606576640
618970019642687938426306560 309485009821343969213153280 309485009821343969213153280
1237940039285375876852613120 618970019642687938426306560 618970019642687938426306560
2475880078570751753705226240 1237940039285375876852613120 1237940039285375876852613120
4951760157141503507410452480 2475880078570751753705226240 2475880078570751753705226240
9903520314283007014820904960 4951760157141503507410452480 4951760157141503507410452480
19807040628566014029641809920 9903520314283007014820904960 9903520314283007014820904960
39614081257132028059283619840 19807040628566014029641809920 19807040628566014029641809920
79228162514264056118567239680 39614081257132028059283619840 39614081257132028059283619840
79228162514264337593543950335 79228162514264056118567239680 281474976710655
158456325028528675187087900670 79228162514264337593543950335 79228162514264337593543950335
316912650057057350374175801340 158456325028528675187087900670 158456325028528675187087900670
633825300114114700748351602680 316912650057057350374175801340 316912650057057350374175801340
1267650600228229401496703205360 633825300114114700748351602680 633825300114114700748351602680
2535301200456458802993406410720 1267650600228229401496703205360 1267650600228229401496703205360
5070602400912917605986812821440 2535301200456458802993406410720 2535301200456458802993406410720
10141204801825835211973625642880 5070602400912917605986812821440 5070602400912917605986812821440
20282409603651670423947251285760 10141204801825835211973625642880 10141204801825835211973625642880
40564819207303340847894502571520 20282409603651670423947251285760 20282409603651670423947251285760
81129638414606681695789005143040 40564819207303340847894502571520 40564819207303340847894502571520
162259276829213363391578010286080 81129638414606681695789005143040 81129638414606681695789005143040
324518553658426726783156020572160 162259276829213363391578010286080 162259276829213363391578010286080
649037107316853453566312041144320 324518553658426726783156020572160 324518553658426726783156020572160
1298074214633706907132624082288640 649037107316853453566312041144320 649037107316853453566312041144320
2596148429267413814265248164577280 1298074214633706907132624082288640 1298074214633706907132624082288640
5192296858534827628530496329154560 2596148429267413814265248164577280 2596148429267413814265248164577280
10384593717069655257060992658309120 5192296858534827628530496329154560 5192296858534827628530496329154560
20769187434139310514121985316618240 10384593717069655257060992658309120 10384593717069655257060992658309120
41538374868278621028243970633236480 20769187434139310514121985316618240 20769187434139310514121985316618240
83076749736557242056487941266472960 41538374868278621028243970633236480 41538374868278621028243970633236480
166153499473114484112975882532945920 83076749736557242056487941266472960 83076749736557242056487941266472960
332306998946228968225951765065891840 166153499473114484112975882532945920 166153499473114484112975882532945920
664613997892457936451903530131783680 332306998946228968225951765065891840 332306998946228968225951765065891840
1329227995784915872903807060263567360 664613997892457936451903530131783680 664613997892457936451903530131783680
2658455991569831745807614120527134720 1329227995784915872903807060263567360 1329227995784915872903807060263567360
5316911983139663491615228241054269440 2658455991569831745807614120527134720 2658455991569831745807614120527134720
10633823966279326983230456482108538880 5316911983139663491615228241054269440 5316911983139663491615228241054269440
21267647932558653966460912964217077760 10633823966279326983230456482108538880 10633823966279326983230456482108538880
42535295865117307932921825928434155520 21267647932558653966460912964217077760 21267647932558653966460912964217077760
85070591730234615865843651856868311040 42535295865117307932921825928434155520 42535295865117307932921825928434155520
170141183460469231731687303713736622080 85070591730234615865843651856868311040 85070591730234615865843651856868311040
340282366920938463463374607427473244160 170141183460469231731687303713736622080 170141183460469231731687303713736622080
680564733841876926926749214854946488320 340282366920938463463374607427473244160 340282366920938463463374607427473244160
1361129467683753853853498429709892976640 680564733841876926926749214854946488320 680564733841876926926749214854946488320
2722258935367507707706996859419785953280 1361129467683753853853498429709892976640 1361129467683753853853498429709892976640
5444517870735015415413993718839571906560 2722258935367507707706996859419785953280 2722258935367507707706996859419785953280
10889035741470030830827987437679143813120 5444517870735015415413993718839571906560 5444517870735015415413993718839571906560
21778071482940061661655974875358287626240 10889035741470030830827987437679143813120 10889035741470030830827987437679143813120
43556142965880123323311949750716575252480 21778071482940061661655974875358287626240 21778071482940061661655974875358287626240
87112285931760246646623899501433150504960 43556142965880123323311949750716575252480 43556142965880123323311949750716575252480
174224571863520493293247799002866301009920 87112285931760246646623899501433150504960 87112285931760246646623899501433150504960
348449143727040986586495598005732602019840 174224571863520493293247799002866301009920 174224571863520493293247799002866301009920
696898287454081973172991196011465204039680 348449143727040986586495598005732602019840 348449143727040986586495598005732602019840
1393796574908163946345982392022930408079360 696898287454081973172991196011465204039680 696898287454081973172991196011465204039680
2787593149816327892691964784045860816158720 1393796574908163946345982392022930408079360 1393796574908163946345982392022930408079360
5575186299632655785383929568091721632317440 2787593149816327892691964784045860816158720 2787593149816327892691964784045860816158720
11150372599265311570767859136183443264634880 5575186299632655785383929568091721632317440 5575186299632655785383929568091721632317440
22300745198530623141535718272366886529269760 11150372599265311570767859136183443264634880 11150372599265311570767859136183443264634880
44601490397061246283071436544733773058539520 22300745198530623141535718272366886529269760 22300745198530623141535718272366886529269760
89202980794122492566142873089467546117079040 44601490397061246283071436544733773058539520 44601490397061246283071436544733773058539520
178405961588244985132285746178935092234158080 89202980794122492566142873089467546117079040 89202980794122492566142873089467546117079040
356811923176489970264571492357870184468316160 178405961588244985132285746178935092234158080 178405961588244985132285746178935092234158080
713623846352979940529142984715740368936632320 356811923176489970264571492357870184468316160 356811923176489970264571492357870184468316160
1427247692705959881058285969431480737873264640 713623846352979940529142984715740368936632320 713623846352979940529142984715740368936632320
2854495385411919762116571938862961475746529280 1427247692705959881058285969431480737873264640 1427247692705959881058285969431480737873264640
5708990770823839524233143877725922951493058560 2854495385411919762116571938862961475746529280 2854495385411919762116571938862961475746529280
11417981541647679048466287755451845902986117120 5708990770823839524233143877725922951493058560 5708990770823839524233143877725922951493058560
22835963083295358096932575510903691805972234240 11417981541647679048466287755451845902986117120 11417981541647679048466287755451845902986117120
45671926166590716193865151021807383611944468480 22835963083295358096932575510903691805972234240 22835963083295358096932575510903691805972234240
91343852333181432387730302043614767223888936960 45671926166590716193865151021807383611944468480 45671926166590716193865151021807383611944468480
182687704666362864775460604087229534447777873920 91343852333181432387730302043614767223888936960 91343852333181432387730302043614767223888936960
365375409332725729550921208174459068895555747840 182687704666362864775460604087229534447777873920 182687704666362864775460604087229534447777873920
730750818665451459101842416348918137791111495680 365375409332725729550921208174459068895555747840 365375409332725729550921208174459068895555747840
1461501637330902918203684832697836275582222991360 730750818665451459101842416348918137791111495680 730750818665451459101842416348918137791111495680
2923003274661805836407369665395672551164445982720 1461501637330902918203684832697836275582222991360 1461501637330902918203684832697836275582222991360
5846006549323611672814739330791345102328891965440 2923003274661805836407369665395672551164445982720 2923003274661805836407369665395672551164445982720
11692013098647223345629478661582690204657783930880 5846006549323611672814739330791345102328891965440 5846006549323611672814739330791345102328891965440
23384026197294446691258957323165380409315567861760 11692013098647223345629478661582690204657783930880 11692013098647223345629478661582690204657783930880
46768052394588893382517914646330760818631135723520 23384026197294446691258957323165380409315567861760 23384026197294446691258957323165380409315567861760
93536104789177786765035829292661521637262271447040 46768052394588893382517914646330760818631135723520 46768052394588893382517914646330760818631135723520
187072209578355573530071658585323043274524542894080 93536104789177786765035829292661521637262271447040 93536104789177786765035829292661521637262271447040
374144419156711147060143317170646086549049085788160 187072209578355573530071658585323043274524542894080 187072209578355573530071658585323043274524542894080
748288838313422294120286634341292173098098171576320 374144419156711147060143317170646086549049085788160 374144419156711147060143317170646086549049085788160
1496577676626844588240573268682584346196196343152640 748288838313422294120286634341292173098098171576320 748288838313422294120286634341292173098098171576320
2993155353253689176481146537365168692392392686305280 1496577676626844588240573268682584346196196343152640 1496577676626844588240573268682584346196196343152640
5986310706507378352962293074730337384784785372610560 2993155353253689176481146537365168692392392686305280 2993155353253689176481146537365168692392392686305280
11972621413014756705924586149460674769569570745221120 5986310706507378352962293074730337384784785372610560 5986310706507378352962293074730337384784785372610560
23945242826029513411849172298921349539139141490442240 11972621413014756705924586149460674769569570745221120 11972621413014756705924586149460674769569570745221120
47890485652059026823698344597842699078278282980884480 23945242826029513411849172298921349539139141490442240 23945242826029513411849172298921349539139141490442240
95780971304118053647396689195685398156556565961768960 47890485652059026823698344597842699078278282980884480 47890485652059026823698344597842699078278282980884480
191561942608236107294793378391370796313113131923537920 95780971304118053647396689195685398156556565961768960 95780971304118053647396689195685398156556565961768960
383123885216472214589586756782741592626226263847075840 191561942608236107294793378391370796313113131923537920 191561942608236107294793378391370796313113131923537920
766247770432944429179173513565483185252452527694151680 383123885216472214589586756782741592626226263847075840 383123885216472214589586756782741592626226263847075840
1532495540865888858358347027130966370504905055388303360 766247770432944429179173513565483185252452527694151680 766247770432944429179173513565483185252452527694151680
3064991081731777716716694054261932741009810110776606720 1532495540865888858358347027130966370504905055388303360 1532495540865888858358347027130966370504905055388303360
6129982163463555433433388108523865482019620221553213440 3064991081731777716716694054261932741009810110776606720 3064991081731777716716694054261932741009810110776606720
12259964326927110866866776217047730964039240443106426880 6129982163463555433433388108523865482019620221553213440 6129982163463555433433388108523865482019620221553213440
24519928653854221733733552434095461928078480886212853760 12259964326927110866866776217047730964039240443106426880 12259964326927110866866776217047730964039240443106426880
49039857307708443467467104868190923856156961772425707520 24519928653854221733733552434095461928078480886212853760 24519928653854221733733552434095461928078480886212853760
98079714615416886934934209736381847712313923544851415040 49039857307708443467467104868190923856156961772425707520 49039857307708443467467104868190923856156961772425707520
196159429230833773869868419472763695424627847089702830080 98079714615416886934934209736381847712313923544851415040 98079714615416886934934209736381847712313923544851415040
392318858461667547739736838945527390849255694179405660160 196159429230833773869868419472763695424627847089702830080 196159429230833773869868419472763695424627847089702830080
784637716923335095479473677891054781698511388358811320320 392318858461667547739736838945527390849255694179405660160 392318858461667547739736838945527390849255694179405660160
1569275433846670190958947355782109563397022776717622640640 784637716923335095479473677891054781698511388358811320320 784637716923335095479473677891054781698511388358811320320
3138550867693340381917894711564219126794045553435245281280 1569275433846670190958947355782109563397022776717622640640 1569275433846670190958947355782109563397022776717622640640
6277101735386680763835789423128438253588091106870490562560 3138550867693340381917894711564219126794045553435245281280 3138550867693340381917894711564219126794045553435245281280
6277101735386680763835789423207666416102355444464034512895 6277101735386680763835789423128438253588091106870490562560 79228162514264337593543950335
12554203470773361527671578846415332832204710888928069025790 6277101735386680763835789423207666416102355444464034512895 6277101735386680763835789423207666416102355444464034512895
25108406941546723055343157692830665664409421777856138051580 12554203470773361527671578846415332832204710888928069025790 12554203470773361527671578846415332832204710888928069025790
50216813883093446110686315385661331328818843555712276103160 25108406941546723055343157692830665664409421777856138051580 25108406941546723055343157692830665664409421777856138051580
100433627766186892221372630771322662657637687111424552206320 50216813883093446110686315385661331328818843555712276103160 50216813883093446110686315385661331328818843555712276103160
200867255532373784442745261542645325315275374222849104412640 100433627766186892221372630771322662657637687111424552206320 100433627766186892221372630771322662657637687111424552206320
401734511064747568885490523085290650630550748445698208825280 200867255532373784442745261542645325315275374222849104412640 200867255532373784442745261542645325315275374222849104412640
401734511064747568885490523085290650630550748445698208825329 401734511064747568885490523085290650630550748445698208825280 49
803469022129495137770981046170581301261101496891396417650658 401734511064747568885490523085290650630550748445698208825329 401734511064747568885490523085290650630550748445698208825329
1606938044258990275541962092341162602522202993782792835301316 803469022129495137770981046170581301261101496891396417650658 803469022129495137770981046170581301261101496891396417650658
3213876088517980551083924184682325205044405987565585670602632 1606938044258990275541962092341162602522202993782792835301316 1606938044258990275541962092341162602522202993782792835301316
6427752177035961102167848369364650410088811975131171341205264 3213876088517980551083924184682325205044405987565585670602632 3213876088517980551083924184682325205044405987565585670602632
12855504354071922204335696738729300820177623950262342682410528 6427752177035961102167848369364650410088811975131171341205264 6427752177035961102167848369364650410088811975131171341205264
12855504354071922204335696738729300820177623950262342682410555 12855504354071922204335696738729300820177623950262342682410528 27
51 1 50
25711008708143844408671393477458601640355247900524685364821110 12855504354071922204335696738729300820177623950262342682410555 12855504354071922204335696738729300820177623950262342682410555
51422017416287688817342786954917203280710495801049370729642220 25711008708143844408671393477458601640355247900524685364821110 25711008708143844408671393477458601640355247900524685364821110
102844034832575377634685573909834406561420991602098741459284440 51422017416287688817342786954917203280710495801049370729642220 51422017416287688817342786954917203280710495801049370729642220
205688069665150755269371147819668813122841983204197482918568880 102844034832575377634685573909834406561420991602098741459284440 102844034832575377634685573909834406561420991602098741459284440
411376139330301510538742295639337626245683966408394965837137760 205688069665150755269371147819668813122841983204197482918568880 205688069665150755269371147819668813122841983204197482918568880
822752278660603021077484591278675252491367932816789931674275520 411376139330301510538742295639337626245683966408394965837137760 411376139330301510538742295639337626245683966408394965837137760
1645504557321206042154969182557350504982735865633579863348551040 822752278660603021077484591278675252491367932816789931674275520 822752278660603021077484591278675252491367932816789931674275520
3291009114642412084309938365114701009965471731267159726697102080 1645504557321206042154969182557350504982735865633579863348551040 1645504557321206042154969182557350504982735865633579863348551040
6582018229284824168619876730229402019930943462534319453394204160 3291009114642412084309938365114701009965471731267159726697102080 3291009114642412084309938365114701009965471731267159726697102080
6582018229284824168619876730229402019930943462534319453394204211 6582018229284824168619876730229402019930943462534319453394204160 51
13164036458569648337239753460458804039861886925068638906788408422 6582018229284824168619876730229402019930943462534319453394204211 6582018229284824168619876730229402019930943462534319453394204211
26328072917139296674479506920917608079723773850137277813576816844 13164036458569648337239753460458804039861886925068638906788408422 13164036458569648337239753460458804039861886925068638906788408422
52656145834278593348959013841835216159447547700274555627153633688 26328072917139296674479506920917608079723773850137277813576816844 26328072917139296674479506920917608079723773850137277813576816844
105312291668557186697918027683670432318895095400549111254307267376 52656145834278593348959013841835216159447547700274555627153633688 52656145834278593348959013841835216159447547700274555627153633688
210624583337114373395836055367340864637790190801098222508614534752 105312291668557186697918027683670432318895095400549111254307267376 105312291668557186697918027683670432318895095400549111254307267376
210624583337114373395836055367340864637790190801098222508614534811 210624583337114373395836055367340864637790190801098222508614534752 59
421249166674228746791672110734681729275580381602196445017229069622 210624583337114373395836055367340864637790190801098222508614534811 210624583337114373395836055367340864637790190801098222508614534811
842498333348457493583344221469363458551160763204392890034458139244 421249166674228746791672110734681729275580381602196445017229069622 421249166674228746791672110734681729275580381602196445017229069622
1684996666696914987166688442938726917102321526408785780068916278488 842498333348457493583344221469363458551160763204392890034458139244 842498333348457493583344221469363458551160763204392890034458139244
3369993333393829974333376885877453834204643052817571560137832556976 1684996666696914987166688442938726917102321526408785780068916278488 1684996666696914987166688442938726917102321526408785780068916278488
6739986666787659948666753771754907668409286105635143120275665113952 3369993333393829974333376885877453834204643052817571560137832556976 3369993333393829974333376885877453834204643052817571560137832556976
13479973333575319897333507543509815336818572211270286240551330227904 6739986666787659948666753771754907668409286105635143120275665113952 6739986666787659948666753771754907668409286105635143120275665113952
26959946667150639794667015087019630673637144422540572481102660455808 13479973333575319897333507543509815336818572211270286240551330227904 13479973333575319897333507543509815336818572211270286240551330227904
53919893334301279589334030174039261347274288845081144962205320911616 26959946667150639794667015087019630673637144422540572481102660455808 26959946667150639794667015087019630673637144422540572481102660455808
107839786668602559178668060348078522694548577690162289924410641823232 53919893334301279589334030174039261347274288845081144962205320911616 53919893334301279589334030174039261347274288845081144962205320911616
215679573337205118357336120696157045389097155380324579848821283646464 107839786668602559178668060348078522694548577690162289924410641823232 107839786668602559178668060348078522694548577690162289924410641823232
431359146674410236714672241392314090778194310760649159697642567292928 215679573337205118357336120696157045389097155380324579848821283646464 215679573337205118357336120696157045389097155380324579848821283646464
862718293348820473429344482784628181556388621521298319395285134585856 431359146674410236714672241392314090778194310760649159697642567292928 431359146674410236714672241392314090778194310760649159697642567292928
862718293348820473429344482784628181556388621521298319395285134585906 862718293348820473429344482784628181556388621521298319395285134585856 50
1725436586697640946858688965569256363112777243042596638790570269171812 862718293348820473429344482784628181556388621521298319395285134585906 862718293348820473429344482784628181556388621521298319395285134585906
3450873173395281893717377931138512726225554486085193277581140538343624 1725436586697640946858688965569256363112777243042596638790570269171812 1725436586697640946858688965569256363112777243042596638790570269171812
3450873173395281893717377931138512726225554486085193277581140538343674 3450873173395281893717377931138512726225554486085193277581140538343624 50
6901746346790563787434755862277025452451108972170386555162281076687348 3450873173395281893717377931138512726225554486085193277581140538343674 3450873173395281893717377931138512726225554486085193277581140538343674
13803492693581127574869511724554050904902217944340773110324562153374696 6901746346790563787434755862277025452451108972170386555162281076687348 6901746346790563787434755862277025452451108972170386555162281076687348
27606985387162255149739023449108101809804435888681546220649124306749392 13803492693581127574869511724554050904902217944340773110324562153374696 13803492693581127574869511724554050904902217944340773110324562153374696
55213970774324510299478046898216203619608871777363092441298248613498784 27606985387162255149739023449108101809804435888681546220649124306749392 27606985387162255149739023449108101809804435888681546220649124306749392
110427941548649020598956093796432407239217743554726184882596497226997568 55213970774324510299478046898216203619608871777363092441298248613498784 55213970774324510299478046898216203619608871777363092441298248613498784
220855883097298041197912187592864814478435487109452369765192994453995136 110427941548649020598956093796432407239217743554726184882596497226997568 110427941548649020598956093796432407239217743554726184882596497226997568
441711766194596082395824375185729628956870974218904739530385988907990272 220855883097298041197912187592864814478435487109452369765192994453995136 220855883097298041197912187592864814478435487109452369765192994453995136
883423532389192164791648750371459257913741948437809479060771977815980544 441711766194596082395824375185729628956870974218904739530385988907990272 441711766194596082395824375185729628956870974218904739530385988907990272
883423532389192164791648750371459257913741948437809479060771977815980571 883423532389192164791648750371459257913741948437809479060771977815980544 27
1766847064778384329583297500742918515827483896875618958121543955631961142 883423532389192164791648750371459257913741948437809479060771977815980571 883423532389192164791648750371459257913741948437809479060771977815980571
3533694129556768659166595001485837031654967793751237916243087911263922284 1766847064778384329583297500742918515827483896875618958121543955631961142 1766847064778384329583297500742918515827483896875618958121543955631961142
7067388259113537318333190002971674063309935587502475832486175822527844568 3533694129556768659166595001485837031654967793751237916243087911263922284 3533694129556768659166595001485837031654967793751237916243087911263922284
14134776518227074636666380005943348126619871175004951664972351645055689136 7067388259113537318333190002971674063309935587502475832486175822527844568 7067388259113537318333190002971674063309935587502475832486175822527844568
28269553036454149273332760011886696253239742350009903329944703290111378272 14134776518227074636666380005943348126619871175004951664972351645055689136 14134776518227074636666380005943348126619871175004951664972351645055689136
56539106072908298546665520023773392506479484700019806659889406580222756544 28269553036454149273332760011886696253239742350009903329944703290111378272 28269553036454149273332760011886696253239742350009903329944703290111378272
113078212145816597093331040047546785012958969400039613319778813160445513088 56539106072908298546665520023773392506479484700019806659889406580222756544 56539106072908298546665520023773392506479484700019806659889406580222756544
113078212145816597093331040047546785012958969400039613319778813160445513159 113078212145816597093331040047546785012958969400039613319778813160445513088 71
226156424291633194186662080095093570025917938800079226639557626320891026318 113078212145816597093331040047546785012958969400039613319778813160445513159 113078212145816597093331040047546785012958969400039613319778813160445513159
452312848583266388373324160190187140051835877600158453279115252641782052636 226156424291633194186662080095093570025917938800079226639557626320891026318 226156424291633194186662080095093570025917938800079226639557626320891026318
904625697166532776746648320380374280103671755200316906558230505283564105272 452312848583266388373324160190187140051835877600158453279115252641782052636 452312848583266388373324160190187140051835877600158453279115252641782052636
1809251394333065553493296640760748560207343510400633813116461010567128210544 904625697166532776746648320380374280103671755200316906558230505283564105272 904625697166532776746648320380374280103671755200316906558230505283564105272
1809251394333065553493296640760748560207343510400633813116461010567128210615 1809251394333065553493296640760748560207343510400633813116461010567128210544 71
3618502788666131106986593281521497120414687020801267626232922021134256421230 1809251394333065553493296640760748560207343510400633813116461010567128210615 1809251394333065553493296640760748560207343510400633813116461010567128210615
7237005577332262213973186563042994240829374041602535252465844042268512842460 3618502788666131106986593281521497120414687020801267626232922021134256421230 3618502788666131106986593281521497120414687020801267626232922021134256421230
14474011154664524427946373126085988481658748083205070504931688084537025684920 7237005577332262213973186563042994240829374041602535252465844042268512842460 7237005577332262213973186563042994240829374041602535252465844042268512842460
28948022309329048855892746252171976963317496166410141009863376169074051369840 14474011154664524427946373126085988481658748083205070504931688084537025684920 14474011154664524427946373126085988481658748083205070504931688084537025684920
57896044618658097711785492504343953926634992332820282019726752338148102739680 28948022309329048855892746252171976963317496166410141009863376169074051369840 28948022309329048855892746252171976963317496166410141009863376169074051369840
115792089237316195423570985008687907853269984665640564039453504676296205479360 57896044618658097711785492504343953926634992332820282019726752338148102739680 57896044618658097711785492504343953926634992332820282019726752338148102739680
231584178474632390847141970017375815706539969331281128078907009352592410958720 115792089237316195423570985008687907853269984665640564039453504676296205479360 115792089237316195423570985008687907853269984665640564039453504676296205479360
231584178474632390847141970017375815706539969331281128078907009352592410958779 231584178474632390847141970017375815706539969331281128078907009352592410958720 59
463168356949264781694283940034751631413079938662562256157814018705184821917558 231584178474632390847141970017375815706539969331281128078907009352592410958779 231584178474632390847141970017375815706539969331281128078907009352592410958779
926336713898529563388567880069503262826159877325124512315628037410369643835116 463168356949264781694283940034751631413079938662562256157814018705184821917558 463168356949264781694283940034751631413079938662562256157814018705184821917558
1852673427797059126777135760139006525652319754650249024631256074820739287670232 926336713898529563388567880069503262826159877325124512315628037410369643835116 926336713898529563388567880069503262826159877325124512315628037410369643835116
3705346855594118253554271520278013051304639509300498049262512149641478575340464 1852673427797059126777135760139006525652319754650249024631256074820739287670232 1852673427797059126777135760139006525652319754650249024631256074820739287670232
3705346855594118253554271520278013051304639509300498049262512149641478575340523 3705346855594118253554271520278013051304639509300498049262512149641478575340464 59
7410693711188236507108543040556026102609279018600996098525024299282957150681046 3705346855594118253554271520278013051304639509300498049262512149641478575340523 3705346855594118253554271520278013051304639509300498049262512149641478575340523
14821387422376473014217086081112052205218558037201992197050048598565914301362092 7410693711188236507108543040556026102609279018600996098525024299282957150681046 7410693711188236507108543040556026102609279018600996098525024299282957150681046
29642774844752946028434172162224104410437116074403984394100097197131828602724184 14821387422376473014217086081112052205218558037201992197050048598565914301362092 14821387422376473014217086081112052205218558037201992197050048598565914301362092
59285549689505892056868344324448208820874232148807968788200194394263657205448368 29642774844752946028434172162224104410437116074403984394100097197131828602724184 29642774844752946028434172162224104410437116074403984394100097197131828602724184
118571099379011784113736688648896417641748464297615937576400388788527314410896736 59285549689505892056868344324448208820874232148807968788200194394263657205448368 59285549689505892056868344324448208820874232148807968788200194394263657205448368
237142198758023568227473377297792835283496928595231875152800777577054628821793472 118571099379011784113736688648896417641748464297615937576400388788527314410896736 118571099379011784113736688648896417641748464297615937576400388788527314410896736
474284397516047136454946754595585670566993857190463750305601555154109257643586944 237142198758023568227473377297792835283496928595231875152800777577054628821793472 237142198758023568227473377297792835283496928595231875152800777577054628821793472
948568795032094272909893509191171341133987714380927500611203110308218515287173888 474284397516047136454946754595585670566993857190463750305601555154109257643586944 474284397516047136454946754595585670566993857190463750305601555154109257643586944
1897137590064188545819787018382342682267975428761855001222406220616437030574347776 948568795032094272909893509191171341133987714380927500611203110308218515287173888 948568795032094272909893509191171341133987714380927500611203110308218515287173888
3794275180128377091639574036764685364535950857523710002444812441232874061148695552 1897137590064188545819787018382342682267975428761855001222406220616437030574347776 1897137590064188545819787018382342682267975428761855001222406220616437030574347776
3794275180128377091639574036764685364535950857523710002444812441232874061148695565 3794275180128377091639574036764685364535950857523710002444812441232874061148695552 13
7588550360256754183279148073529370729071901715047420004889624882465748122297391130 3794275180128377091639574036764685364535950857523710002444812441232874061148695565 3794275180128377091639574036764685364535950857523710002444812441232874061148695565
15177100720513508366558296147058741458143803430094840009779249764931496244594782260 7588550360256754183279148073529370729071901715047420004889624882465748122297391130 7588550360256754183279148073529370729071901715047420004889624882465748122297391130
30354201441027016733116592294117482916287606860189680019558499529862992489189564520 15177100720513508366558296147058741458143803430094840009779249764931496244594782260 15177100720513508366558296147058741458143803430094840009779249764931496244594782260
60708402882054033466233184588234965832575213720379360039116999059725984978379129040 30354201441027016733116592294117482916287606860189680019558499529862992489189564520 30354201441027016733116592294117482916287606860189680019558499529862992489189564520
121416805764108066932466369176469931665150427440758720078233998119451969956758258080 60708402882054033466233184588234965832575213720379360039116999059725984978379129040 60708402882054033466233184588234965832575213720379360039116999059725984978379129040
242833611528216133864932738352939863330300854881517440156467996238903939913516516160 121416805764108066932466369176469931665150427440758720078233998119451969956758258080 121416805764108066932466369176469931665150427440758720078233998119451969956758258080
485667223056432267729865476705879726660601709763034880312935992477807879827033032320 242833611528216133864932738352939863330300854881517440156467996238903939913516516160 242833611528216133864932738352939863330300854881517440156467996238903939913516516160
971334446112864535459730953411759453321203419526069760625871984955615759654066064640 485667223056432267729865476705879726660601709763034880312935992477807879827033032320 485667223056432267729865476705879726660601709763034880312935992477807879827033032320
1942668892225729070919461906823518906642406839052139521251743969911231519308132129280 971334446112864535459730953411759453321203419526069760625871984955615759654066064640 971334446112864535459730953411759453321203419526069760625871984955615759654066064640
3885337784451458141838923813647037813284813678104279042503487939822463038616264258560 1942668892225729070919461906823518906642406839052139521251743969911231519308132129280 1942668892225729070919461906823518906642406839052139521251743969911231519308132129280
3885337784451458141838923813647037813284813678104279042503487939822463038616264258587 3885337784451458141838923813647037813284813678104279042503487939822463038616264258560 27
7770675568902916283677847627294075626569627356208558085006975879644926077232528517174 3885337784451458141838923813647037813284813678104279042503487939822463038616264258587 3885337784451458141838923813647037813284813678104279042503487939822463038616264258587
15541351137805832567355695254588151253139254712417116170013951759289852154465057034348 7770675568902916283677847627294075626569627356208558085006975879644926077232528517174 7770675568902916283677847627294075626569627356208558085006975879644926077232528517174
31082702275611665134711390509176302506278509424834232340027903518579704308930114068696 15541351137805832567355695254588151253139254712417116170013951759289852154465057034348 15541351137805832567355695254588151253139254712417116170013951759289852154465057034348
62165404551223330269422781018352605012557018849668464680055807037159408617860228137392 31082702275611665134711390509176302506278509424834232340027903518579704308930114068696 31082702275611665134711390509176302506278509424834232340027903518579704308930114068696
124330809102446660538845562036705210025114037699336929360111614074318817235720456274784 62165404551223330269422781018352605012557018849668464680055807037159408617860228137392 62165404551223330269422781018352605012557018849668464680055807037159408617860228137392
248661618204893321077691124073410420050228075398673858720223228148637634471440912549568 124330809102446660538845562036705210025114037699336929360111614074318817235720456274784 124330809102446660538845562036705210025114037699336929360111614074318817235720456274784
497323236409786642155382248146820840100456150797347717440446456297275268942881825099136 248661618204893321077691124073410420050228075398673858720223228148637634471440912549568 248661618204893321077691124073410420050228075398673858720223228148637634471440912549568
497323236409786642155382248146820840100456150797347717440446456297275268942881825099186 497323236409786642155382248146820840100456150797347717440446456297275268942881825099136 50
994646472819573284310764496293641680200912301594695434880892912594550537885763650198372 497323236409786642155382248146820840100456150797347717440446456297275268942881825099186 497323236409786642155382248146820840100456150797347717440446456297275268942881825099186
1989292945639146568621528992587283360401824603189390869761785825189101075771527300396744 994646472819573284310764496293641680200912301594695434880892912594550537885763650198372 994646472819573284310764496293641680200912301594695434880892912594550537885763650198372
3978585891278293137243057985174566720803649206378781739523571650378202151543054600793488 1989292945639146568621528992587283360401824603189390869761785825189101075771527300396744 1989292945639146568621528992587283360401824603189390869761785825189101075771527300396744
7957171782556586274486115970349133441607298412757563479047143300756404303086109201586976 3978585891278293137243057985174566720803649206378781739523571650378202151543054600793488 3978585891278293137243057985174566720803649206378781739523571650378202151543054600793488
15914343565113172548972231940698266883214596825515126958094286601512808606172218403173952 7957171782556586274486115970349133441607298412757563479047143300756404303086109201586976 7957171782556586274486115970349133441607298412757563479047143300756404303086109201586976
31828687130226345097944463881396533766429193651030253916188573203025617212344436806347904 15914343565113172548972231940698266883214596825515126958094286601512808606172218403173952 15914343565113172548972231940698266883214596825515126958094286601512808606172218403173952
63657374260452690195888927762793067532858387302060507832377146406051234424688873612695808 31828687130226345097944463881396533766429193651030253916188573203025617212344436806347904 31828687130226345097944463881396533766429193651030253916188573203025617212344436806347904
127314748520905380391777855525586135065716774604121015664754292812102468849377747225391616 63657374260452690195888927762793067532858387302060507832377146406051234424688873612695808 63657374260452690195888927762793067532858387302060507832377146406051234424688873612695808
127314748520905380391777855525586135065716774604121015664754292812102468849377747225391687 127314748520905380391777855525586135065716774604121015664754292812102468849377747225391616 71
254629497041810760783555711051172270131433549208242031329508585624204937698755494450783374 127314748520905380391777855525586135065716774604121015664754292812102468849377747225391687 127314748520905380391777855525586135065716774604121015664754292812102468849377747225391687
509258994083621521567111422102344540262867098416484062659017171248409875397510988901566748 254629497041810760783555711051172270131433549208242031329508585624204937698755494450783374 254629497041810760783555711051172270131433549208242031329508585624204937698755494450783374
1018517988167243043134222844204689080525734196832968125318034342496819750795021977803133496 509258994083621521567111422102344540262867098416484062659017171248409875397510988901566748 509258994083621521567111422102344540262867098416484062659017171248409875397510988901566748
2037035976334486086268445688409378161051468393665936250636068684993639501590043955606266992 1018517988167243043134222844204689080525734196832968125318034342496819750795021977803133496 1018517988167243043134222844204689080525734196832968125318034342496819750795021977803133496
2037035976334486086268445688409378161051468393665936250636068684993639501590043955606267019 2037035976334486086268445688409378161051468393665936250636068684993639501590043955606266992 27
4074071952668972172536891376818756322102936787331872501272137369987279003180087911212534038 2037035976334486086268445688409378161051468393665936250636068684993639501590043955606267019 2037035976334486086268445688409378161051468393665936250636068684993639501590043955606267019
8148143905337944345073782753637512644205873574663745002544274739974558006360175822425068076 4074071952668972172536891376818756322102936787331872501272137369987279003180087911212534038 4074071952668972172536891376818756322102936787331872501272137369987279003180087911212534038
16296287810675888690147565507275025288411747149327490005088549479949116012720351644850136152 8148143905337944345073782753637512644205873574663745002544274739974558006360175822425068076 8148143905337944345073782753637512644205873574663745002544274739974558006360175822425068076
32592575621351777380295131014550050576823494298654980010177098959898232025440703289700272304 16296287810675888690147565507275025288411747149327490005088549479949116012720351644850136152 16296287810675888690147565507275025288411747149327490005088549479949116012720351644850136152
65185151242703554760590262029100101153646988597309960020354197919796464050881406579400544608 32592575621351777380295131014550050576823494298654980010177098959898232025440703289700272304 32592575621351777380295131014550050576823494298654980010177098959898232025440703289700272304
130370302485407109521180524058200202307293977194619920040708395839592928101762813158801089216 65185151242703554760590262029100101153646988597309960020354197919796464050881406579400544608 65185151242703554760590262029100101153646988597309960020354197919796464050881406579400544608
260740604970814219042361048116400404614587954389239840081416791679185856203525626317602178432 130370302485407109521180524058200202307293977194619920040708395839592928101762813158801089216 130370302485407109521180524058200202307293977194619920040708395839592928101762813158801089216
260740604970814219042361048116400404614587954389239840081416791679185856203525626317602178437 260740604970814219042361048116400404614587954389239840081416791679185856203525626317602178432 5
521481209941628438084722096232800809229175908778479680162833583358371712407051252635204356874 260740604970814219042361048116400404614587954389239840081416791679185856203525626317602178437 260740604970814219042361048116400404614587954389239840081416791679185856203525626317602178437
1042962419883256876169444192465601618458351817556959360325667166716743424814102505270408713748 521481209941628438084722096232800809229175908778479680162833583358371712407051252635204356874 521481209941628438084722096232800809229175908778479680162833583358371712407051252635204356874
2085924839766513752338888384931203236916703635113918720651334333433486849628205010540817427496 1042962419883256876169444192465601618458351817556959360325667166716743424814102505270408713748 1042962419883256876169444192465601618458351817556959360325667166716743424814102505270408713748
4171849679533027504677776769862406473833407270227837441302668666866973699256410021081634854992 2085924839766513752338888384931203236916703635113918720651334333433486849628205010540817427496 2085924839766513752338888384931203236916703635113918720651334333433486849628205010540817427496
8343699359066055009355553539724812947666814540455674882605337333733947398512820042163269709984 4171849679533027504677776769862406473833407270227837441302668666866973699256410021081634854992 4171849679533027504677776769862406473833407270227837441302668666866973699256410021081634854992
16687398718132110018711107079449625895333629080911349765210674667467894797025640084326539419968 8343699359066055009355553539724812947666814540455674882605337333733947398512820042163269709984 8343699359066055009355553539724812947666814540455674882605337333733947398512820042163269709984
33374797436264220037422214158899251790667258161822699530421349334935789594051280168653078839936 16687398718132110018711107079449625895333629080911349765210674667467894797025640084326539419968 16687398718132110018711107079449625895333629080911349765210674667467894797025640084326539419968
66749594872528440074844428317798503581334516323645399060842698669871579188102560337306157679872 33374797436264220037422214158899251790667258161822699530421349334935789594051280168653078839936 33374797436264220037422214158899251790667258161822699530421349334935789594051280168653078839936
66749594872528440074844428317798503581334516323645399060842698669871579188102560337306157679931 66749594872528440074844428317798503581334516323645399060842698669871579188102560337306157679872 59
133499189745056880149688856635597007162669032647290798121685397339743158376205120674612315359862 66749594872528440074844428317798503581334516323645399060842698669871579188102560337306157679931 66749594872528440074844428317798503581334516323645399060842698669871579188102560337306157679931
266998379490113760299377713271194014325338065294581596243370794679486316752410241349224630719724 133499189745056880149688856635597007162669032647290798121685397339743158376205120674612315359862 133499189745056880149688856635597007162669032647290798121685397339743158376205120674612315359862
533996758980227520598755426542388028650676130589163192486741589358972633504820482698449261439448 266998379490113760299377713271194014325338065294581596243370794679486316752410241349224630719724 266998379490113760299377713271194014325338065294581596243370794679486316752410241349224630719724
1067993517960455041197510853084776057301352261178326384973483178717945267009640965396898522878896 533996758980227520598755426542388028650676130589163192486741589358972633504820482698449261439448 533996758980227520598755426542388028650676130589163192486741589358972633504820482698449261439448
1067993517960455041197510853084776057301352261178326384973483178717945267009640965396898522878909 1067993517960455041197510853084776057301352261178326384973483178717945267009640965396898522878896 13
2135987035920910082395021706169552114602704522356652769946966357435890534019281930793797045757818 1067993517960455041197510853084776057301352261178326384973483178717945267009640965396898522878909 1067993517960455041197510853084776057301352261178326384973483178717945267009640965396898522878909
4271974071841820164790043412339104229205409044713305539893932714871781068038563861587594091515636 2135987035920910082395021706169552114602704522356652769946966357435890534019281930793797045757818 2135987035920910082395021706169552114602704522356652769946966357435890534019281930793797045757818
8543948143683640329580086824678208458410818089426611079787865429743562136077127723175188183031272 4271974071841820164790043412339104229205409044713305539893932714871781068038563861587594091515636 4271974071841820164790043412339104229205409044713305539893932714871781068038563861587594091515636
17087896287367280659160173649356416916821636178853222159575730859487124272154255446350376366062544 8543948143683640329580086824678208458410818089426611079787865429743562136077127723175188183031272 8543948143683640329580086824678208458410818089426611079787865429743562136077127723175188183031272
34175792574734561318320347298712833833643272357706444319151461718974248544308510892700752732125088 17087896287367280659160173649356416916821636178853222159575730859487124272154255446350376366062544 17087896287367280659160173649356416916821636178853222159575730859487124272154255446350376366062544
68351585149469122636640694597425667667286544715412888638302923437948497088617021785401505464250176 34175792574734561318320347298712833833643272357706444319151461718974248544308510892700752732125088 34175792574734561318320347298712833833643272357706444319151461718974248544308510892700752732125088
136703170298938245273281389194851335334573089430825777276605846875896994177234043570803010928500352 68351585149469122636640694597425667667286544715412888638302923437948497088617021785401505464250176 68351585149469122636640694597425667667286544715412888638302923437948497088617021785401505464250176
136703170298938245273281389194851335334573089430825777276605846875896994177234043570803010928500411 136703170298938245273281389194851335334573089430825777276605846875896994177234043570803010928500352 59
273406340597876490546562778389702670669146178861651554553211693751793988354468087141606021857000822 136703170298938245273281389194851335334573089430825777276605846875896994177234043570803010928500411 136703170298938245273281389194851335334573089430825777276605846875896994177234043570803010928500411
546812681195752981093125556779405341338292357723303109106423387503587976708936174283212043714001644 273406340597876490546562778389702670669146178861651554553211693751793988354468087141606021857000822 273406340597876490546562778389702670669146178861651554553211693751793988354468087141606021857000822
1093625362391505962186251113558810682676584715446606218212846775007175953417872348566424087428003288 546812681195752981093125556779405341338292357723303109106423387503587976708936174283212043714001644 546812681195752981093125556779405341338292357723303109106423387503587976708936174283212043714001644
2187250724783011924372502227117621365353169430893212436425693550014351906835744697132848174856006576 1093625362391505962186251113558810682676584715446606218212846775007175953417872348566424087428003288 1093625362391505962186251113558810682676584715446606218212846775007175953417872348566424087428003288
4374501449566023848745004454235242730706338861786424872851387100028703813671489394265696349712013152 2187250724783011924372502227117621365353169430893212436425693550014351906835744697132848174856006576 2187250724783011924372502227117621365353169430893212436425693550014351906835744697132848174856006576
8749002899132047697490008908470485461412677723572849745702774200057407627342978788531392699424026304 4374501449566023848745004454235242730706338861786424872851387100028703813671489394265696349712013152 4374501449566023848745004454235242730706338861786424872851387100028703813671489394265696349712013152
17498005798264095394980017816940970922825355447145699491405548400114815254685957577062785398848052608 8749002899132047697490008908470485461412677723572849745702774200057407627342978788531392699424026304 8749002899132047697490008908470485461412677723572849745702774200057407627342978788531392699424026304
34996011596528190789960035633881941845650710894291398982811096800229630509371915154125570797696105216 17498005798264095394980017816940970922825355447145699491405548400114815254685957577062785398848052608 17498005798264095394980017816940970922825355447145699491405548400114815254685957577062785398848052608
34996011596528190789960035633881941845650710894291398982811096800229630509371915154125570797696105275 34996011596528190789960035633881941845650710894291398982811096800229630509371915154125570797696105216 59
69992023193056381579920071267763883691301421788582797965622193600459261018743830308251141595392210550 34996011596528190789960035633881941845650710894291398982811096800229630509371915154125570797696105275 34996011596528190789960035633881941845650710894291398982811096800229630509371915154125570797696105275
139984046386112763159840142535527767382602843577165595931244387200918522037487660616502283190784421100 69992023193056381579920071267763883691301421788582797965622193600459261018743830308251141595392210550 69992023193056381579920071267763883691301421788582797965622193600459261018743830308251141595392210550
279968092772225526319680285071055534765205687154331191862488774401837044074975321233004566381568842200 139984046386112763159840142535527767382602843577165595931244387200918522037487660616502283190784421100 139984046386112763159840142535527767382602843577165595931244387200918522037487660616502283190784421100
559936185544451052639360570142111069530411374308662383724977548803674088149950642466009132763137684400 279968092772225526319680285071055534765205687154331191862488774401837044074975321233004566381568842200 279968092772225526319680285071055534765205687154331191862488774401837044074975321233004566381568842200
1119872371088902105278721140284222139060822748617324767449955097607348176299901284932018265526275368800 559936185544451052639360570142111069530411374308662383724977548803674088149950642466009132763137684400 559936185544451052639360570142111069530411374308662383724977548803674088149950642466009132763137684400
2239744742177804210557442280568444278121645497234649534899910195214696352599802569864036531052550737600 1119872371088902105278721140284222139060822748617324767449955097607348176299901284932018265526275368800 1119872371088902105278721140284222139060822748617324767449955097607348176299901284932018265526275368800
4479489484355608421114884561136888556243290994469299069799820390429392705199605139728073062105101475200 2239744742177804210557442280568444278121645497234649534899910195214696352599802569864036531052550737600 2239744742177804210557442280568444278121645497234649534899910195214696352599802569864036531052550737600
8958978968711216842229769122273777112486581988938598139599640780858785410399210279456146124210202950400 4479489484355608421114884561136888556243290994469299069799820390429392705199605139728073062105101475200 4479489484355608421114884561136888556243290994469299069799820390429392705199605139728073062105101475200
17917957937422433684459538244547554224973163977877196279199281561717570820798420558912292248420405900800 8958978968711216842229769122273777112486581988938598139599640780858785410399210279456146124210202950400 8958978968711216842229769122273777112486581988938598139599640780858785410399210279456146124210202950400
35835915874844867368919076489095108449946327955754392558398563123435141641596841117824584496840811801600 17917957937422433684459538244547554224973163977877196279199281561717570820798420558912292248420405900800 17917957937422433684459538244547554224973163977877196279199281561717570820798420558912292248420405900800
71671831749689734737838152978190216899892655911508785116797126246870283283193682235649168993681623603200 35835915874844867368919076489095108449946327955754392558398563123435141641596841117824584496840811801600 35835915874844867368919076489095108449946327955754392558398563123435141641596841117824584496840811801600
71671831749689734737838152978190216899892655911508785116797126246870283283193682235649168993681623603250 71671831749689734737838152978190216899892655911508785116797126246870283283193682235649168993681623603200 50
143343663499379469475676305956380433799785311823017570233594252493740566566387364471298337987363247206500 71671831749689734737838152978190216899892655911508785116797126246870283283193682235649168993681623603250 71671831749689734737838152978190216899892655911508785116797126246870283283193682235649168993681623603250
286687326998758938951352611912760867599570623646035140467188504987481133132774728942596675974726494413000 143343663499379469475676305956380433799785311823017570233594252493740566566387364471298337987363247206500 143343663499379469475676305956380433799785311823017570233594252493740566566387364471298337987363247206500
573374653997517877902705223825521735199141247292070280934377009974962266265549457885193351949452988826000 286687326998758938951352611912760867599570623646035140467188504987481133132774728942596675974726494413000 286687326998758938951352611912760867599570623646035140467188504987481133132774728942596675974726494413000
1146749307995035755805410447651043470398282494584140561868754019949924532531098915770386703898905977652000 573374653997517877902705223825521735199141247292070280934377009974962266265549457885193351949452988826000 573374653997517877902705223825521735199141247292070280934377009974962266265549457885193351949452988826000
2293498615990071511610820895302086940796564989168281123737508039899849065062197831540773407797811955304000 1146749307995035755805410447651043470398282494584140561868754019949924532531098915770386703898905977652000 1146749307995035755805410447651043470398282494584140561868754019949924532531098915770386703898905977652000
4586997231980143023221641790604173881593129978336562247475016079799698130124395663081546815595623910608000 2293498615990071511610820895302086940796564989168281123737508039899849065062197831540773407797811955304000 2293498615990071511610820895302086940796564989168281123737508039899849065062197831540773407797811955304000
4586997231980143023221641790604173881593129978336562247475016079799698130124395663081546815595623910608050 4586997231980143023221641790604173881593129978336562247475016079799698130124395663081546815595623910608000 50
9173994463960286046443283581208347763186259956673124494950032159599396260248791326163093631191247821216100 4586997231980143023221641790604173881593129978336562247475016079799698130124395663081546815595623910608050 4586997231980143023221641790604173881593129978336562247475016079799698130124395663081546815595623910608050
18347988927920572092886567162416695526372519913346248989900064319198792520497582652326187262382495642432200 9173994463960286046443283581208347763186259956673124494950032159599396260248791326163093631191247821216100 9173994463960286046443283581208347763186259956673124494950032159599396260248791326163093631191247821216100
36695977855841144185773134324833391052745039826692497979800128638397585040995165304652374524764991284864400 18347988927920572092886567162416695526372519913346248989900064319198792520497582652326187262382495642432200 18347988927920572092886567162416695526372519913346248989900064319198792520497582652326187262382495642432200
36695977855841144185773134324833391052745039826692497979800128638397585040995165304652374524764991284864427 36695977855841144185773134324833391052745039826692497979800128638397585040995165304652374524764991284864400 27
73391955711682288371546268649666782105490079653384995959600257276795170081990330609304749049529982569728854 36695977855841144185773134324833391052745039826692497979800128638397585040995165304652374524764991284864427 36695977855841144185773134324833391052745039826692497979800128638397585040995165304652374524764991284864427
146783911423364576743092537299333564210980159306769991919200514553590340163980661218609498099059965139457708 73391955711682288371546268649666782105490079653384995959600257276795170081990330609304749049529982569728854 73391955711682288371546268649666782105490079653384995959600257276795170081990330609304749049529982569728854
293567822846729153486185074598667128421960318613539983838401029107180680327961322437218996198119930278915416 146783911423364576743092537299333564210980159306769991919200514553590340163980661218609498099059965139457708 146783911423364576743092537299333564210980159306769991919200514553590340163980661218609498099059965139457708
587135645693458306972370149197334256843920637227079967676802058214361360655922644874437992396239860557830832 293567822846729153486185074598667128421960318613539983838401029107180680327961322437218996198119930278915416 293567822846729153486185074598667128421960318613539983838401029107180680327961322437218996198119930278915416
1174271291386916613944740298394668513687841274454159935353604116428722721311845289748875984792479721115661664 587135645693458306972370149197334256843920637227079967676802058214361360655922644874437992396239860557830832 587135645693458306972370149197334256843920637227079967676802058214361360655922644874437992396239860557830832
2348542582773833227889480596789337027375682548908319870707208232857445442623690579497751969584959442231323328 1174271291386916613944740298394668513687841274454159935353604116428722721311845289748875984792479721115661664 1174271291386916613944740298394668513687841274454159935353604116428722721311845289748875984792479721115661664
4697085165547666455778961193578674054751365097816639741414416465714890885247381158995503939169918884462646656 2348542582773833227889480596789337027375682548908319870707208232857445442623690579497751969584959442231323328 2348542582773833227889480596789337027375682548908319870707208232857445442623690579497751969584959442231323328
9394170331095332911557922387157348109502730195633279482828832931429781770494762317991007878339837768925293312 4697085165547666455778961193578674054751365097816639741414416465714890885247381158995503939169918884462646656 4697085165547666455778961193578674054751365097816639741414416465714890885247381158995503939169918884462646656
9394170331095332911557922387157348109502730195633279482828832931429781770494762317991007878339837768925293363 9394170331095332911557922387157348109502730195633279482828832931429781770494762317991007878339837768925293312 51
18788340662190665823115844774314696219005460391266558965657665862859563540989524635982015756679675537850586726 9394170331095332911557922387157348109502730195633279482828832931429781770494762317991007878339837768925293363 9394170331095332911557922387157348109502730195633279482828832931429781770494762317991007878339837768925293363
37576681324381331646231689548629392438010920782533117931315331725719127081979049271964031513359351075701173452 18788340662190665823115844774314696219005460391266558965657665862859563540989524635982015756679675537850586726 18788340662190665823115844774314696219005460391266558965657665862859563540989524635982015756679675537850586726
75153362648762663292463379097258784876021841565066235862630663451438254163958098543928063026718702151402346904 37576681324381331646231689548629392438010920782533117931315331725719127081979049271964031513359351075701173452 37576681324381331646231689548629392438010920782533117931315331725719127081979049271964031513359351075701173452
150306725297525326584926758194517569752043683130132471725261326902876508327916197087856126053437404302804693808 75153362648762663292463379097258784876021841565066235862630663451438254163958098543928063026718702151402346904 75153362648762663292463379097258784876021841565066235862630663451438254163958098543928063026718702151402346904
300613450595050653169853516389035139504087366260264943450522653805753016655832394175712252106874808605609387616 150306725297525326584926758194517569752043683130132471725261326902876508327916197087856126053437404302804693808 150306725297525326584926758194517569752043683130132471725261326902876508327916197087856126053437404302804693808
601226901190101306339707032778070279008174732520529886901045307611506033311664788351424504213749617211218775232 300613450595050653169853516389035139504087366260264943450522653805753016655832394175712252106874808605609387616 300613450595050653169853516389035139504087366260264943450522653805753016655832394175712252106874808605609387616
1202453802380202612679414065556140558016349465041059773802090615223012066623329576702849008427499234422437550464 601226901190101306339707032778070279008174732520529886901045307611506033311664788351424504213749617211218775232 601226901190101306339707032778070279008174732520529886901045307611506033311664788351424504213749617211218775232
2404907604760405225358828131112281116032698930082119547604181230446024133246659153405698016854998468844875100928 1202453802380202612679414065556140558016349465041059773802090615223012066623329576702849008427499234422437550464 1202453802380202612679414065556140558016349465041059773802090615223012066623329576702849008427499234422437550464
4809815209520810450717656262224562232065397860164239095208362460892048266493318306811396033709996937689750201856 2404907604760405225358828131112281116032698930082119547604181230446024133246659153405698016854998468844875100928 2404907604760405225358828131112281116032698930082119547604181230446024133246659153405698016854998468844875100928
9619630419041620901435312524449124464130795720328478190416724921784096532986636613622792067419993875379500403712 4809815209520810450717656262224562232065397860164239095208362460892048266493318306811396033709996937689750201856 4809815209520810450717656262224562232065397860164239095208362460892048266493318306811396033709996937689750201856
9619630419041620901435312524449124464130795720328478190416724921784096532986636613622792067419993875379500403763 9619630419041620901435312524449124464130795720328478190416724921784096532986636613622792067419993875379500403712 51
19239260838083241802870625048898248928261591440656956380833449843568193065973273227245584134839987750759000807526 9619630419041620901435312524449124464130795720328478190416724921784096532986636613622792067419993875379500403763 9619630419041620901435312524449124464130795720328478190416724921784096532986636613622792067419993875379500403763
38478521676166483605741250097796497856523182881313912761666899687136386131946546454491168269679975501518001615052 19239260838083241802870625048898248928261591440656956380833449843568193065973273227245584134839987750759000807526 19239260838083241802870625048898248928261591440656956380833449843568193065973273227245584134839987750759000807526
38478521676166483605741250097796497856523182881313912761666899687136386131946546454491168269679975501518001615178 38478521676166483605741250097796497856523182881313912761666899687136386131946546454491168269679975501518001615052 126
76957043352332967211482500195592995713046365762627825523333799374272772263893092908982336539359951003036003230356 38478521676166483605741250097796497856523182881313912761666899687136386131946546454491168269679975501518001615178 38478521676166483605741250097796497856523182881313912761666899687136386131946546454491168269679975501518001615178
153914086704665934422965000391185991426092731525255651046667598748545544527786185817964673078719902006072006460712 76957043352332967211482500195592995713046365762627825523333799374272772263893092908982336539359951003036003230356 76957043352332967211482500195592995713046365762627825523333799374272772263893092908982336539359951003036003230356
307828173409331868845930000782371982852185463050511302093335197497091089055572371635929346157439804012144012921424 153914086704665934422965000391185991426092731525255651046667598748545544527786185817964673078719902006072006460712 153914086704665934422965000391185991426092731525255651046667598748545544527786185817964673078719902006072006460712
615656346818663737691860001564743965704370926101022604186670394994182178111144743271858692314879608024288025842848 307828173409331868845930000782371982852185463050511302093335197497091089055572371635929346157439804012144012921424 307828173409331868845930000782371982852185463050511302093335197497091089055572371635929346157439804012144012921424
615656346818663737691860001564743965704370926101022604186670394994182178111144743271858692314879608024288025842853 615656346818663737691860001564743965704370926101022604186670394994182178111144743271858692314879608024288025842848 5
1231312693637327475383720003129487931408741852202045208373340789988364356222289486543717384629759216048576051685706 615656346818663737691860001564743965704370926101022604186670394994182178111144743271858692314879608024288025842853 615656346818663737691860001564743965704370926101022604186670394994182178111144743271858692314879608024288025842853
2462625387274654950767440006258975862817483704404090416746681579976728712444578973087434769259518432097152103371412 1231312693637327475383720003129487931408741852202045208373340789988364356222289486543717384629759216048576051685706 1231312693637327475383720003129487931408741852202045208373340789988364356222289486543717384629759216048576051685706
4925250774549309901534880012517951725634967408808180833493363159953457424889157946174869538519036864194304206742824 2462625387274654950767440006258975862817483704404090416746681579976728712444578973087434769259518432097152103371412 2462625387274654950767440006258975862817483704404090416746681579976728712444578973087434769259518432097152103371412
9850501549098619803069760025035903451269934817616361666986726319906914849778315892349739077038073728388608413485648 4925250774549309901534880012517951725634967408808180833493363159953457424889157946174869538519036864194304206742824 4925250774549309901534880012517951725634967408808180833493363159953457424889157946174869538519036864194304206742824
19701003098197239606139520050071806902539869635232723333973452639813829699556631784699478154076147456777216826971296 9850501549098619803069760025035903451269934817616361666986726319906914849778315892349739077038073728388608413485648 9850501549098619803069760025035903451269934817616361666986726319906914849778315892349739077038073728388608413485648
39402006196394479212279040100143613805079739270465446667946905279627659399113263569398956308152294913554433653942592 19701003098197239606139520050071806902539869635232723333973452639813829699556631784699478154076147456777216826971296 19701003098197239606139520050071806902539869635232723333973452639813829699556631784699478154076147456777216826971296
39402006196394479212279040100143613805079739270465446667946905279627659399113263569398956308152294913554433653942641 39402006196394479212279040100143613805079739270465446667946905279627659399113263569398956308152294913554433653942592 49
